#reader(lib"read.ss""wxme")WXME0108 ## 
#|
   This file uses the GRacket editor format.
   Open this file in DrRacket version 5.1.1 or later to read it.

   Most likely, it was created by saving a program in DrRacket,
   and it probably contains a program with non-text elements
   (such as images or comment boxes).

            http://racket-lang.org/
|#
 28 7 #"wxtext\0"
3 1 6 #"wxtab\0"
1 1 8 #"wximage\0"
2 0 8 #"wxmedia\0"
4 1 34 #"(lib \"syntax-browser.ss\" \"mrlib\")\0"
1 0 16 #"drscheme:number\0"
3 0 44 #"(lib \"number-snip.ss\" \"drscheme\" \"private\")\0"
1 0 36 #"(lib \"comment-snip.ss\" \"framework\")\0"
1 0 43 #"(lib \"collapsed-snipclass.ss\" \"framework\")\0"
0 0 19 #"drscheme:sexp-snip\0"
0 0 36 #"(lib \"cache-image-snip.ss\" \"mrlib\")\0"
1 0 68
(
 #"((lib \"image-core.ss\" \"mrlib\") (lib \"image-core-wxme.rkt\" \"mr"
 #"lib\"))\0"
) 1 0 33 #"(lib \"bullet-snip.ss\" \"browser\")\0"
0 0 29 #"drscheme:bindings-snipclass%\0"
1 0 25 #"(lib \"matrix.ss\" \"htdp\")\0"
1 0 22 #"drscheme:lambda-snip%\0"
1 0 57
#"(lib \"hrule-snip.rkt\" \"macro-debugger\" \"syntax-browser\")\0"
1 0 45 #"(lib \"image-snipr.ss\" \"slideshow\" \"private\")\0"
1 0 26 #"drscheme:pict-value-snip%\0"
0 0 38 #"(lib \"pict-snipclass.ss\" \"slideshow\")\0"
2 0 55 #"(lib \"vertical-separator-snip.ss\" \"stepper\" \"private\")\0"
1 0 18 #"drscheme:xml-snip\0"
1 0 31 #"(lib \"xml-snipclass.ss\" \"xml\")\0"
1 0 21 #"drscheme:scheme-snip\0"
2 0 34 #"(lib \"scheme-snipclass.ss\" \"xml\")\0"
1 0 10 #"text-box%\0"
1 0 32 #"(lib \"text-snipclass.ss\" \"xml\")\0"
1 0 15 #"test-case-box%\0"
2 0 1 6 #"wxloc\0"
          0 0 68 0 1 #"\0"
0 75 1 #"\0"
0 12 90 -1 90 -1 3 -1 0 1 0 1 0 0 0 0 0 0 0 0 0 0 0 255 255 255 1 -1 0 9
#"Standard\0"
0 75 12 #"Courier New\0"
0 19 90 -1 90 -1 3 -1 0 1 0 1 0 0 0 0 0 0 0 0 0 0 0 255 255 255 1 -1 2 1
#"\0"
0 -1 1 #"\0"
1 0 -1 -1 -1 -1 -1 -1 0 0 0 0 0 0 1 1 1 1 1 1 0 0 0 0 0 0 -1 -1 2 24
#"framework:default-color\0"
0 -1 1 #"\0"
1 0 -1 -1 -1 -1 -1 -1 0 0 0 0 0 0 0 0 0 1 1 1 0 0 0 0 0 0 -1 -1 2 1
#"\0"
0 -1 1 #"\0"
1 0 -1 -1 -1 -1 -1 -1 0 0 0 0 0 0 0 0 0 1 1 1 150 0 150 0 0 0 -1 -1 2 15
#"text:ports out\0"
0 -1 1 #"\0"
1 0 -1 -1 -1 -1 -1 -1 0 0 0 0 0 0 0 0 0 1 1 1 150 0 150 0 0 0 -1 -1 2 1
#"\0"
0 -1 1 #"\0"
1.0 0 -1 -1 93 -1 -1 -1 0 0 0 0 0 0 0 0 0 1.0 1.0 1.0 255 0 0 0 0 0 -1
-1 2 15 #"text:ports err\0"
0 -1 1 #"\0"
1.0 0 -1 -1 93 -1 -1 -1 0 0 0 0 0 0 0 0 0 1.0 1.0 1.0 255 0 0 0 0 0 -1
-1 2 1 #"\0"
0 -1 1 #"\0"
1 0 -1 -1 -1 -1 -1 -1 0 0 0 0 0 0 0 0 0 1 1 1 0 0 175 0 0 0 -1 -1 2 17
#"text:ports value\0"
0 -1 1 #"\0"
1 0 -1 -1 -1 -1 -1 -1 0 0 0 0 0 0 0 0 0 1 1 1 0 0 175 0 0 0 -1 -1 2 1
#"\0"
0 -1 1 #"\0"
1.0 0 92 -1 -1 -1 -1 -1 0 0 0 0 0 0 0 0 0 1.0 1.0 1.0 34 139 34 0 0 0 -1
-1 2 27 #"Matching Parenthesis Style\0"
0 -1 1 #"\0"
1.0 0 92 -1 -1 -1 -1 -1 0 0 0 0 0 0 0 0 0 1.0 1.0 1.0 34 139 34 0 0 0 -1
-1 2 1 #"\0"
0 -1 1 #"\0"
1 0 -1 -1 -1 -1 -1 -1 0 0 0 0 0 0 0 0 0 1 1 1 38 38 128 0 0 0 -1 -1 2 37
#"framework:syntax-color:scheme:symbol\0"
0 -1 1 #"\0"
1 0 -1 -1 -1 -1 -1 -1 0 0 0 0 0 0 0 0 0 1 1 1 38 38 128 0 0 0 -1 -1 2 38
#"framework:syntax-color:scheme:keyword\0"
0 -1 1 #"\0"
1 0 -1 -1 -1 -1 -1 -1 0 0 0 0 0 0 0 0 0 1 1 1 38 38 128 0 0 0 -1 -1 2 1
#"\0"
0 -1 1 #"\0"
1 0 -1 -1 -1 -1 -1 -1 0 0 0 0 0 0 0 0 0 1 1 1 119 69 13 0 0 0 -1 -1 2 38
#"framework:syntax-color:scheme:comment\0"
0 -1 1 #"\0"
1 0 -1 -1 -1 -1 -1 -1 0 0 0 0 0 0 0 0 0 1 1 1 119 69 13 0 0 0 -1 -1 2 1
#"\0"
0 -1 1 #"\0"
1 0 -1 -1 -1 -1 -1 -1 0 0 0 0 0 0 0 0 0 1 1 1 41 128 38 0 0 0 -1 -1 2 37
#"framework:syntax-color:scheme:string\0"
0 -1 1 #"\0"
1 0 -1 -1 -1 -1 -1 -1 0 0 0 0 0 0 0 0 0 1 1 1 41 128 38 0 0 0 -1 -1 2 39
#"framework:syntax-color:scheme:constant\0"
0 -1 1 #"\0"
1 0 -1 -1 -1 -1 -1 -1 0 0 0 0 0 0 0 0 0 1 1 1 41 128 38 0 0 0 -1 -1 2 1
#"\0"
0 -1 1 #"\0"
1 0 -1 -1 -1 -1 -1 -1 0 0 0 0 0 0 0 0 0 1 1 1 132 60 36 0 0 0 -1 -1 2 42
#"framework:syntax-color:scheme:parenthesis\0"
0 -1 1 #"\0"
1 0 -1 -1 -1 -1 -1 -1 0 0 0 0 0 0 0 0 0 1 1 1 132 60 36 0 0 0 -1 -1 2 1
#"\0"
0 -1 1 #"\0"
1 0 -1 -1 -1 -1 -1 -1 0 0 0 0 0 0 0 0 0 1 1 1 255 0 0 0 0 0 -1 -1 2 36
#"framework:syntax-color:scheme:error\0"
0 -1 1 #"\0"
1 0 -1 -1 -1 -1 -1 -1 0 0 0 0 0 0 0 0 0 1 1 1 255 0 0 0 0 0 -1 -1 2 1
#"\0"
0 -1 1 #"\0"
1 0 -1 -1 -1 -1 -1 -1 0 0 0 0 0 0 0 0 0 1 1 1 0 0 0 0 0 0 -1 -1 2 36
#"framework:syntax-color:scheme:other\0"
0 -1 1 #"\0"
1 0 -1 -1 -1 -1 -1 -1 0 0 0 0 0 0 0 0 0 1 1 1 0 0 0 0 0 0 -1 -1 2 1
#"\0"
0 -1 1 #"\0"
1 0 -1 -1 -1 -1 -1 -1 0 0 0 0 0 0 0 0 0 1 1 1 81 112 203 0 0 0 -1 -1 2
38 #"drracket:check-syntax:lexically-bound\0"
0 -1 1 #"\0"
1 0 -1 -1 -1 -1 -1 -1 0 0 0 0 0 0 0 0 0 1 1 1 81 112 203 0 0 0 -1 -1 2 1
#"\0"
0 -1 1 #"\0"
1 0 -1 -1 -1 -1 -1 -1 0 0 0 0 0 0 0 0 0 1 1 1 178 34 34 0 0 0 -1 -1 2 28
#"drracket:check-syntax:set!d\0"
0 -1 1 #"\0"
1 0 -1 -1 -1 -1 -1 -1 0 0 0 0 0 0 0 0 0 1 1 1 178 34 34 0 0 0 -1 -1 2 1
#"\0"
0 -1 1 #"\0"
1 0 -1 -1 -1 -1 -1 -1 0 0 0 0 0 0 0 0 0 1 1 1 68 0 203 0 0 0 -1 -1 2 31
#"drracket:check-syntax:imported\0"
0 -1 1 #"\0"
1 0 -1 -1 -1 -1 -1 -1 0 0 0 0 0 0 0 0 0 1 1 1 68 0 203 0 0 0 -1 -1 2 47
#"drracket:check-syntax:my-obligation-style-pref\0"
0 -1 1 #"\0"
1 0 -1 -1 -1 -1 -1 -1 0 0 0 0 0 0 0 0 0 1 1 1 178 34 34 0 0 0 -1 -1 2 1
#"\0"
0 -1 1 #"\0"
1 0 -1 -1 -1 -1 -1 -1 0 0 0 0 0 0 0 0 0 1 1 1 0 116 0 0 0 0 -1 -1 2 50
#"drracket:check-syntax:their-obligation-style-pref\0"
0 -1 1 #"\0"
1 0 -1 -1 -1 -1 -1 -1 0 0 0 0 0 0 0 0 0 1 1 1 0 116 0 0 0 0 -1 -1 2 48
#"drracket:check-syntax:unk-obligation-style-pref\0"
0 -1 1 #"\0"
1 0 -1 -1 -1 -1 -1 -1 0 0 0 0 0 0 0 0 0 1 1 1 0 0 0 0 0 0 -1 -1 2 1
#"\0"
0 -1 1 #"\0"
1 0 -1 -1 -1 -1 -1 -1 0 0 0 0 0 0 0 0 0 1 1 1 139 142 28 0 0 0 -1 -1 2
49 #"drracket:check-syntax:both-obligation-style-pref\0"
0 -1 1 #"\0"
1 0 -1 -1 -1 -1 -1 -1 0 0 0 0 0 0 0 0 0 1 1 1 139 142 28 0 0 0 -1 -1 2
26 #"plt:htdp:test-coverage-on\0"
0 -1 1 #"\0"
1 0 -1 -1 -1 -1 -1 -1 0 0 0 0 0 0 0 0 0 1 1 1 0 0 0 0 0 0 -1 -1 2 1
#"\0"
0 -1 1 #"\0"
1 0 -1 -1 -1 -1 -1 -1 0 0 0 0 0 1 0 0 0 0 0 0 255 165 0 0 0 0 -1 -1 2 27
#"plt:htdp:test-coverage-off\0"
0 -1 1 #"\0"
1 0 -1 -1 -1 -1 -1 -1 0 0 0 0 0 1 0 0 0 0 0 0 255 165 0 0 0 0 -1 -1 4 1
#"\0"
0 70 1 #"\0"
1.0 0 -1 -1 -1 -1 -1 -1 0 0 0 0 0 0 1.0 1.0 1.0 1.0 1.0 1.0 0 0 0 0 0 0
-1 -1 4 4 #"XML\0"
0 70 1 #"\0"
1.0 0 -1 -1 -1 -1 -1 -1 0 0 0 0 0 0 1.0 1.0 1.0 1.0 1.0 1.0 0 0 0 0 0 0
-1 -1 2 1 #"\0"
0 -1 1 #"\0"
1 0 -1 -1 -1 -1 -1 -1 0 0 0 0 0 0 0 0 0 1 1 1 34 139 34 0 0 0 -1 -1 2 37
#"plt:module-language:test-coverage-on\0"
0 -1 1 #"\0"
1 0 -1 -1 -1 -1 -1 -1 0 0 0 0 0 0 0 0 0 1 1 1 34 139 34 0 0 0 -1 -1 2 1
#"\0"
0 -1 1 #"\0"
1 0 -1 -1 -1 -1 -1 -1 0 0 0 0 0 0 0 0 0 1 1 1 176 48 96 0 0 0 -1 -1 2 38
#"plt:module-language:test-coverage-off\0"
0 -1 1 #"\0"
1 0 -1 -1 -1 -1 -1 -1 0 0 0 0 0 0 0 0 0 1 1 1 176 48 96 0 0 0 -1 -1 4 1
#"\0"
0 71 1 #"\0"
1.0 0 -1 -1 -1 -1 -1 -1 0 0 0 0 0 0 1.0 1.0 1.0 1.0 1.0 1.0 0 0 0 0 0 0
-1 -1 4 1 #"\0"
0 -1 1 #"\0"
1.0 0 -1 -1 -1 -1 -1 -1 1 0 0 0 0 0 0 0 0 1.0 1.0 1.0 0 0 255 0 0 0 -1
-1 4 1 #"\0"
0 71 1 #"\0"
1.0 0 -1 -1 -1 -1 -1 -1 1 0 0 0 0 0 0 0 0 1.0 1.0 1.0 0 0 255 0 0 0 -1
-1 4 1 #"\0"
0 71 1 #"\0"
1.0 0 -1 -1 -1 -1 -1 -1 0 0 0 0 0 0 0 0 0 1.0 1.0 1.0 0 100 0 0 0 0 -1
-1 0 1 #"\0"
0 75 12 #"Courier New\0"
0.0 15 90 -1 90 -1 3 -1 0 1 0 1 0 0 0.0 0.0 0.0 0.0 0.0 0.0 0 0 0 255
255 255 1 -1 2 1 #"\0"
0 -1 1 #"\0"
1.0 0 -1 -1 -1 -1 -1 -1 0 0 0 0 0 0 0.0 0.0 0.0 1.0 1.0 1.0 194 116 31 0
0 0 -1 -1 0 1 #"\0"
0 -1 1 #"\0"
0.0 13 -1 -1 -1 -1 -1 -1 0 0 0 0 0 0 1.0 1.0 1.0 1.0 1.0 1.0 0 0 0 0 0 0
-1 -1 2 1 #"\0"
0 -1 1 #"\0"
0.0 13 -1 -1 -1 -1 -1 -1 0 0 0 0 0 0 1.0 1.0 1.0 1.0 1.0 1.0 0 0 0 0 0 0
-1 -1 0 1 #"\0"
0 -1 1 #"\0"
1.0 0 -1 -1 -1 -1 -1 -1 0 0 0 0 0 0 0.0 0.0 0.0 1.0 1.0 1.0 200 0 0 0 0
0 -1 -1 2 1 #"\0"
0 71 1 #"\0"
1.0 0 -1 -1 -1 -1 -1 -1 0 0 0 0 0 0 1.0 1.0 1.0 1.0 1.0 1.0 0 0 0 0 0 0
-1 -1 2 1 #"\0"
0 71 1 #"\0"
1.0 0 -1 -1 -1 -1 -1 -1 0 0 0 0 0 0 0.0 0.0 0.0 1.0 1.0 1.0 0 100 0 0 0
0 -1 -1 17 1 #"\0"
0 -1 1 #"\0"
1.0 0 -1 -1 -1 -1 -1 -1 0 0 0 0 1 0 0 0 0 0 0 0 0 0 0 255 255 255 -1 -1
4 1 #"\0"
0 -1 1 #"\0"
1.0 0 -1 -1 -1 -1 -1 -1 0 0 0 0 1 0 0 0 0 0 0 0 0 0 0 255 255 255 -1 -1
22 1 #"\0"
0 -1 1 #"\0"
1.0 0 -1 -1 -1 -1 -1 -1 0 0 0 0 1 0 0 0 0 0 0 0 0 0 0 255 255 255 -1 -1
14 1 #"\0"
0 -1 1 #"\0"
1.0 0 -1 -1 -1 -1 -1 -1 0 0 0 0 1 0 0 0 0 0 0 0 0 0 0 255 255 255 -1 -1
15 1 #"\0"
0 -1 1 #"\0"
1.0 0 -1 -1 -1 -1 -1 -1 0 0 0 0 1 0 0 0 0 0 0 0 0 0 0 255 255 255 -1 -1
39 1 #"\0"
0 -1 1 #"\0"
1.0 0 -1 -1 -1 -1 -1 -1 0 0 0 0 1 0 0 0 0 0 0 0 0 0 0 255 255 255 -1 -1
41 1 #"\0"
0 -1 1 #"\0"
1.0 0 -1 -1 -1 -1 -1 -1 0 0 0 0 1 0 0 0 0 0 0 0 0 0 0 255 255 255 -1 -1
20 1 #"\0"
0 -1 1 #"\0"
1.0 0 -1 -1 -1 -1 -1 -1 0 0 0 0 1 0 0 0 0 0 0 0 0 0 0 255 255 255 -1 -1
19 1 #"\0"
0 -1 1 #"\0"
1.0 0 -1 -1 -1 -1 -1 -1 0 0 0 0 1 0 0 0 0 0 0 0 0 0 0 255 255 255 -1 -1
          0 233 0 4 3 85
(
 #";; The first three lines of this file were inserted by DrRacket. The"
 #"y record metadata"
) 0 0 4 29 1 #"\n"
0 0 4 3 85
(
 #";; about the language level of this file in a form that our tools ca"
 #"n easily process."
) 0 0 4 29 1 #"\n"
0 0 4 3 186
(
 #"#reader(lib \"htdp-intermediate-reader.ss\" \"lang\")((modname frogg"
 #"er-library) (read-case-sensitive #t) (teachpacks ()) (htdp-settings "
 #"#(#t constructor repeating-decimal #f #t none #f ())))"
) 0 0 4 29 1 #"\n"
0 0 17 3 13 #";#lang racket"
0 0 4 29 1 #"\n"
0 0 4 29 1 #"\n"
0 0 17 3 50 #";; All images copyright Martha L Hamlin March 2012"
0 0 4 29 1 #"\n"
0 0 17 3 42 #";; For educational non-commercial use only"
0 0 4 29 1 #"\n"
0 0 4 29 1 #"\n"
0 0 17 3 68
#";; Due to a bug, racket derived languages can't support traditional "
0 0 4 29 1 #"\n"
0 0 17 3 78
(
 #";; image libraries.  To work around this please copy the following d"
 #"efinitions"
) 0 0 4 29 1 #"\n"
0 0 17 3 73
(
 #";; into the top of your homework.  Keep them in one chunk, and don't"
 #" add "
) 0 0 17 3 8 #"anything"
0 0 4 29 1 #"\n"
0 0 17 3 34 #";; within this chunk as the grader"
0 0 17 3 38 #"s will have to copy over it to recover"
0 0 4 29 1 #"\n"
0 0 17 3 14 #";; the images."
0 0 4 29 1 #"\n"
0 0 4 29 1 #"\n"
0 0 22 3 1 #"("
0 0 14 3 7 #"require"
0 0 4 3 1 #" "
0 0 14 3 11 #"2htdp/image"
0 0 22 3 1 #")"
0 0 4 29 1 #"\n"
0 0 4 29 1 #"\n"
0 0 17 3 3 #";;("
0 0 17 3 7 #"provide"
0 0 17 3 1 #" "
0 0 17 3 17 #"all-defined-out) "
0 0 4 29 1 #"\n"
0 0 4 29 1 #"\n"
0 0 17 3 33 #";; Live frog image, 40x40 pixels "
0 0 4 29 1 #"\n"
0 0 22 3 1 #"("
0 0 15 3 6 #"define"
0 0 4 3 1 #" "
0 0 14 3 8 #"frog-img"
0 0 4 3 1 #" "
0 2          13 4 1 #"\0"
2 -1.0 -1.0 0.0 0.0 0           1 490
(
 #"\211PNG\r\n\32\n\0\0\0\rIHDR\0\0\0(\0\0\0(\b"
 #"\6\0\0\0\214\376\270m\0\0\0\6bKGD\0\377\0\377\0\377\240\275\247"
 #"\223\0\0\1\237IDATX\205\355X\301u\2030\f\375\244e\08\2205"
 #"X\241\347\214\323\3318w\5\317\321C\30\200\3=\264nm\220d\311vI\372"
 #"\322\177I\236\202\365\177\364\215\4\6\376"
 #"\361\20x\37\327\247\327\363J}\336\232"
 #"\373\271\26\t\31\37\\S\232\272L`"
 #"\252\302\376\367\2\241M\222\210H\276\314"
 #"\363\n\0\355\362\242\"Y\3327\0@\333u{\241\t\356\223\212!\306\332v]"
 #"D\254\24\a\0\346=\375)\220\263`\37\27\t\306~\302\330O)\3168G\202"
 #"[]Ao\253$\216\372\236\223+\204\351&Y\346\231\214S\202\306~\202\273^"
 #"\222kSPW\220\272!|,\24\342\341c\322:\rL\25\224\22\273\353\345\273"
 #"\222[\301\26A[\310\2\231\26\260\265"
 #"O\203\335\32\345\224\312j\324R\265("
 #"a\232\3538\344\364\301\210\220k-a<W\34P \360(\374\b\2540\330\253"
 #"!\320\242\27\25l\352\320\322\320>\312"
 #"R\356ZmA\376\220\305\205\260\214:\v\314\2Y\313\30pvkQ\245\202\\"
 #"\233\251\201*\2\245Y\\\n\263@\253e\326-\261\5?\352\214ot\226\361G"
 #"\346g\332\16]\301#^7\225\234Y{Pks\251\275@\255\367\342B\21\22"
 #"\356~\222\320\363\220\332\17\203k\2508"
 #"ec\322Z&\27u\243\234\274\240\350"
 #"\\\204\3\221@\262\225\25\307\200:\233\261[\254\24i\25\307!o\17&D\326"
 #"\22\ah\316f$\2m\277\314];\270\246\254\315\34\360\24.\237\315\334\22_"
 #"\232tm\346\267\376\300Q<\17\215\17\370\17\363\340"
 #"@S\220l\0\0\0\0IEND\256B`\202"
) 0 0 22 3 1 #")"
0 0 4 29 1 #"\n"
0 0 4 29 1 #"\n"
0 0 4 29 1 #"\n"
0 0 17 3 35 #";; Runover frog image, 40x40 pixels"
0 0 4 29 1 #"\n"
0 0 22 3 1 #"("
0 0 15 3 6 #"define"
0 0 4 3 1 #" "
0 0 14 3 16 #"runover-frog-img"
0 0 4 3 1 #" "
0 2          15 4 1 #"\0"
2 -1.0 -1.0 0.0 0.0 0           2 500
(
 #"\211PNG\r\n\32\n\0\0\0\rIHDR\0\0\0(\0\0\0(\b"
 #"\6\0\0\0\214\376\270m\0\0\0\6bKGD\0\377\0\377\0\377\240\275\247"
 #"\223\0\0\2oIDATX\205\355\230\261\221\3330\20E?e\251\0\3223"
 #"tp=\334\240\5\307l\300\t\252pI\227\270\1\306n\1\243\36\234p\306d"
 #"\1\362P\16D\340Hpw\261\0u3\16\374\223\303\201\304\356\323.\260\0\1"
 #"\374\343\252\236a\344\r\247\273\364\334b"
 #".\366S<0\5\25\253\24\362\4\0\30\314\375\323\367/w\352/\5\226\v'"
 #"\216K\370>\3478\340\236\331\341\225\36\323^Y;\332\210\252\098\16,~"
 #"\316\201j \37/\20\251\f\206\b\343"
 #"\337\246\337\0\200\313\355k\312>\0\340"
 #"v\371\t\0\370Q\177\336=\23\177d"
 #"\353\252\223\312\303\332 f\\\352z\343"
 #"X\3w\251kX\314\271\356\226E\322:2\324q\364,f\334\246\t\267i\""
 #"\215\231\246\207iz\32t\31\267\203d|\373~u\4}Z9\255\3018H\312"
 #"V\252\"d\245X\212\234\246O\262\301I\rH-\b\337\347\306n\367\314\367I"
 #"\3434R\327\301\224a7v!j1p\16P,\21\220+\1\246\351\311\250I"
 #"\212\307\244j\250WV\4\275\244hQ`\232\3678e\327A/\357\220+-\353"
 #"\376R8`\1\334,\365\326!\247\355\316/\311v\256M\264.0\235|\343\255"
 #"\275\36\202;\362\16\1\a\340\21\270J"
 #"{t\262\230\201\301\4#\346\317\257w"
 #"\200\250\337\215\335\303\351`\36\213\343\374"
 #"\262\353\247\366xJ\3729\350!\200\0w\264_\5h1WY\247\335g\245X"
 #"\v\350\e*H\205\343\334~5\240j.2i\243\332\246\351\213\323\354\263j1"
 #"\347\237\a)Gn\354v\220\241\366q\220\2"
 #"\334\372\177=\340\222\0267v!]\246\351\223i"
) 198
(
 #"\364\253\330\217\225\322KM3y/\366"
 #"\245\345@\221\346\346^8\270\276\333'"
 #"\327\0\31A;\274n7\363\365\234\321"
 #"\314\253\314w\2266\271\6\344\24\313\6"
 #"w\0001\214\337\213\2719\311\266W\n"
 #")\266\230\325\273\n\247#\207\2N\233\b\36\271C\371(\321@\324\225G{%"
 #"\17\231\353\243\326\372\b\26\367ilQ"
 #"_x\364\335\f#j\203\227\322\312\301"
 #"q\242\356f\262\v\265\0262\27\216S\321\211:\5\371,8@q7#9\320"
 #"~\370\24\217m]\245\376h\242\312PiT\226j\241*i\342\335\314GH]"
 #"\312\26&]\231!~@iQ\337\0*\374\374\327Q\375\5"
 #"\207\333\234\243)\241\234\337\0\0\0\0IEND\256B`\202"
) 0 0 22 3 1 #")"
0 0 4 29 1 #"\n"
0 0 4 29 1 #"\n"
0 0 4 29 1 #"\n"
0 0 17 3 42 #";; sunk frog or turtle image, 40x40 pixels"
0 0 4 29 1 #"\n"
0 0 22 3 1 #"("
0 0 15 3 6 #"define"
0 0 4 3 1 #" "
0 0 14 3 8 #"sunk-img"
0 0 4 3 1 #" "
0 2          15 4 1 #"\0"
2 -1.0 -1.0 0.0 0.0 0           2 500
(
 #"\211PNG\r\n\32\n\0\0\0\rIHDR\0\0\0(\0\0\0(\b"
 #"\2\0\0\0\3\234/:\0\0\0\6bKGD\0\377\0\377\0\377\240\275\247"
 #"\223\0\0\2\nIDATX\205\355\2271\216\2030\20E\315\212\2123\220v"
 #"\233\320&u\272\24\221r\21J\316\2212G\241HG\235\255VbO\0g\240"
 #"B\312\26_\372\232\214m\260\255\225\242"
 #"\2252EdL\360\373\363=\330&\373<\177\233W\304\307K\250opr4u"
 #"\365\32\360\345\332\313\313j\267M\a'"
 #"$\301\350\277~\322\301*\211\5Ai\22\275`\333.\0.\327\276\251+\334m"
 #"\352\252\251+J\304e\240\254,j\1"
 #"\251v[\247\215\350\307\257\224\262\20\241"
 #"\340\300\341\226\365\311\310c\251\264\256\355"
 #"\0064N\207\r\32\374OHq\305Y\r\252D*\274\324\267\354P\304{\f\352"
 #"\355\376`\17\333T@?P\203\306_\\\32,\377\2076\v\330\30\323v\303<"
 #"\215 \235\16\233\343>C\242\240\266\335"
 #"p\273?$\273\332m\251@\205\327j{^\333n@f\322a\363l\270\t\366"
 #"|\335jE5b\216\21\270d\211)\317}\361\4\226\213\206\224)y\4\240!"
 #"y\360_)\363\225\330\23\330\371\328"
 #"]\225\331;y\253\341\266Z\31\305\344"
 #"\24\225\312\200\247\216\20\21\353ku^\224\352V\333\ryQ*\253\245D5\216"
 #"s\276\335\340\313\265\247\355\3634JW"
 #"\321y\334g\252\223)B\26\207\362\255"
 #"b\353\37313\313\213\322\351\244,:"
 #"\264\347i\244\304\304\327\211\206\267\335p"
 #"\334g\306S\333\f\333\352\240\252\266\3"
 #"F\311ld\219\213\334\211\217\0s\251\203d9\26\331\316\"\267W\256u\260"
 #":u\360a\311\266s\362Q1\232\334TdDl\213jO$\346v"
 #"\177\314\323\230\27%\212\0\324\304m\221\376\360xe\\\236\303m\354W"
) 97
(
 #"QT/X\232\214\21\25[M\271\232\327\220\210\263:dh\373\300\345|0\356"
 #"\350\263\n\v?\23F\177\302\310\3033\247\37\247ZE]\376\220\211\310Xyh"
 #"cB\16\227\214\210\214e\225\31\253"
 #"\224\242\250\346\257\3468!\376\371\207\371\e\34\20\277%L"
 #"\221\356\5#\276\232\0\0\0\0IEND\256B`\202"
) 0 0 22 3 1 #")"
0 0 4 29 1 #"\n"
0 0 4 29 1 #"\n"
0 0 4 29 1 #"\n"
0 0 17 3 31 #";; a turtle image, 40x40 pixels"
0 0 4 29 1 #"\n"
0 0 22 3 1 #"("
0 0 15 3 6 #"define"
0 0 4 3 1 #" "
0 0 14 3 10 #"turtle-img"
0 0 4 3 1 #" "
0 2          15 4 1 #"\0"
2 -1.0 -1.0 0.0 0.0 0           2 500
(
 #"\211PNG\r\n\32\n\0\0\0\rIHDR\0\0\0(\0\0\0(\b"
 #"\6\0\0\0\214\376\270m\0\0\0\6bKGD\0\377\0\377\0\377\240\275\247"
 #"\223\0\0\2>IDATX\205\315X1n\3030\f<\331iP\4Y\332"
 #"\245@\337\3201\37h6\177\251E\1"
 #"\3A\337\224\255\375@\336\322l\31\22"
 #"\244\352\340\320edJ\242,\5\360M\206B\35\317\24I\321\1&\16S\222\354"
 #"\v\17\226\236\327\330\27\341.B\302\205"
 #"\271\310\25:\313\331Lx_\234\0\0"
 #"\237\207\273\301\32\16y\334U\336\366\333"
 #"#\373\210C\307K\3109\346\311Gp\362\2'_\305\203\315\2223\215\223[\355"
 #"3!\303\24\207\326\332\301~c\214\327^\353/)\a%R{\201d\357\373M"
 #"#\216P\245n [\237\363\215\251\203BS}\31w\23\35\243\217\350\325\376\f"
 #"\326\266f\16\0\330\341\334\257\255\320\t"
 #"m\354q`\377m\36EA\222o\357\21\257\2617n\316\271\342\266f~%\216"
 #"D\255P\367b\271\215\217G\362E\230q\345ZlL\335\213q\305\21H$\255"
 #"o\315\34;\234\361a\317\210\201\353\211"
 #"\26\t\31\363\267\346\21\222\304i\354\210"
 #"/\26\34u\344(\311\371qI\3424k\224\227\2416DP\265\31\251Z\311)"
 #"/\f\t!;_{J\26H\210\25\204O\234k\347\26M\226@\367-C\5"
 #"1\306.\26\305h\16\360\334\v\25\4\211\342bBv+\324\252\\T\v\224n"
 #"\210\\P\313\t\t\234\241E\205\26\27712\267\257IH\215\240\6*q@\327"
 #"\32\306\24D\216\270N`\4n\370s\n\202\333i{\341\250\221?\367&\221\6"
 #"\210,\2014}4\366\330\223kr2f\347\233j\222\4\372\306\256\2617\211\e"
 #"\275\330|\2304\222\363\201\301w'\373\236]"
 #"qR\364\244\301A\214\240f\352\225\216\233\303\315"
) 149
(
 #"9M\336I~U_u\34\322D\r\374\3374\4~S\270\210\345\36\217\244\352"
 #"\317\243\253\320_\272\202{\2076\366\210"
 #"\6\335\215\343\eJ\245\226\22\v\210z`\225\234I\16%q>\333\20\277Z`"
 #"\264\312\2\316C\277i\371U}PS4F@\t\336\201\300\320\27V2\332\264"
 #"\233J\362\335\21\264\313\27\3118K\\"
 #"\"\374\376\336\360\204\26\367E\275u#"
 #"\\\221\277\227\201\26\3132D=_\205\366yQ\212\356\17\306"
 #"\231eB\201t\275\302\0\0\0\0IEND\256B`\202"
) 0 0 22 3 1 #")"
0 0 4 29 1 #"\n"
0 0 4 29 1 #"\n"
0 0 17 3 33 #";; a sinking turtle, 40x40 pixels"
0 0 4 29 1 #"\n"
0 0 22 3 1 #"("
0 0 15 3 6 #"define"
0 0 4 3 1 #" "
0 0 14 3 18 #"sinking-turtle-img"
0 0 4 3 1 #" "
0 2          13 4 1 #"\0"
2 -1.0 -1.0 0.0 0.0 0           1 452
(
 #"\211PNG\r\n\32\n\0\0\0\rIHDR\0\0\0(\0\0\0(\b"
 #"\6\0\0\0\214\376\270m\0\0\0\6bKGD\0\377\0\377\0\377\240\275\247"
 #"\223\0\0\1yIDATX\205\355\227Qn\303 \f\206\177\222*\17;\302"
 #"\316\221K\354P\223\320z\250\\b'"
 #"\232\264\261\a\346\312\"\6\fF\355\246"
 #"\361\277\264J]\363\361\3\306\1\246\246"
 #"\246\246\246\246,r\243\22\205\20\302)"
 #"\271s\346\374\346\4\22\330i\20\3\350"
 #"\322\373\307\360\243\364\371\325\255\352X\215"
 #"\232g&\rt\270\r\0\360\216\317\333\263\35\21\364%|\234\amp\264\t0"
 #"\205#0\202\333\261\236>I)\250\26"
 #"\262k\211\257n\25\341\270\b\222t\270"
 #"M\\\376a\200\334=>\270\4\247\211\323\356\311f\a\3119i\31K\220\24\307"
 #"\235\37\6(\315\226\357\265\222Jq\32"
 #"\27\233\34\344\247\225\34)A\346\342Z"
 #"\\\254\2\246\263\324\34\210\226\270\232\213"
 #"\325\243N\t\16\267U\367\234T\asq;\326[\351)\225\0345`O\211\250"
 #"\3515\304\t\225\0/\360X\340\361U"
 #"K\2469\265\255\16j\244\202\3\342M"
 #"\320s ,p\21\260\242\324~\313\201"
 #"\340q\232\375\247\2\224d\275I\244\6\"'u\263\300\313\201T\17I\232gZ"
 #"\367\0C?\330{\223\264\270\a\30\332"
 #"\255\\7\223\373\236\302i\333-S?\310AK\375\240\245i\35\322Q\23hZ"
 #"\as\3139\342e\252\252\220\321\e\226"
 #"\334O\367y'\221@\253\203\30\34\373"
 #"\365\357\305\377\\\276\277\316\222\314\t\376"
 #"\246b\vwy4\206,\217\5\376\371iT\272o\ns"
 #"&q2\260\341\233\0\0\0\0IEND\256B`\202"
) 0 0 22 3 1 #")"
0 0 4 29 1 #"\n"
0 0 4 29 1 #"\n"
0 0 4 29 1 #"\n"
0 0 17 3 40 #";; a single log unit image, 40x60 pixels"
0 0 4 29 1 #"\n"
0 0 17 3 40 #";; designed to stack to make longer logs"
0 0 4 29 1 #"\n"
0 0 22 3 1 #"("
0 0 15 3 6 #"define"
0 0 4 3 1 #" "
0 0 14 3 7 #"log-img"
0 0 4 3 1 #" "
0 2          15 4 1 #"\0"
2 -1.0 -1.0 0.0 0.0 0           2 500
(
 #"\211PNG\r\n\32\n\0\0\0\rIHDR\0\0\0<\0\0\0(\b"
 #"\6\0\0\0\242\273\231\377\0\0\0\6bKGD\0\377\0\377\0\377\240\275\247"
 #"\223\0\0\2eIDATh\201\335\232\255N\3A\20\307\377\275\234i\322 "
 #"j*j+x\3\f\t\202\200mx\0\236\202\240\320H\236\5\17\212\4\303;"
 #"\324V\324T\220&\225\305\260\307tn"
 #"\346\366\343f\357z\374\34\273K\263\377"
 #"\233\217\375\230\35A\341\341\352\354\240\365"
 #"I\2546;,f\223\344~i\274\306b6\301\335\355\205\3677.\237\336G\274"
 #"\255\326\0\330\213\215\35\347\203\213\235O"
 #"\307\0\200\365v\217\371t\214\365v_"
 #"\365q\3215\301\313\363\"J,\200\232"
 #"\bj\235\246\276\24\36\357\257\217\376\346\2\2456*\372Hp\254e9N\f\25"
 #"ieU@\266,\27\253\265;\321\205k\320\304\206Z\304\t\343\342\26\263\tV"
 #"\233]k\313\372\304:\267\6\376\\["
 #"\242\244\23\226p\23\366\301\255J\333]_[\321\16I,\217_)\236\201_\227"
 #"n\353\312\24\352\302\222\213\247@\255\253"
 #"Y\326\265\321~)\226+\227\316\201U"
 #"\354jp\261\34\311\265\263\b\266\210Y"
 #"\t\311E5\261\32\345\362\2748XL\316Y\263)C[~\4-Ck\261\v"
 #"\0\237\3177\207\322\312\355\244\345\307b"
 #"y\n\331Q\305`\346\322M\313\217\305Z\254%\243\371t\254.A@=\216K"
 #"ud\2\332\362\223;y\205.I@\242`\337\306^\22\230;\2115\211\244\224"
 #"\251\23\321D\371>\206%\241\")fI\v\310\357\272\26\230\306p\f]z\2"
 #"\2457\301V\242\2427\36!\203$k\234\212\373F\307ph\322\262>\310\367E"
 #"r\322:\25\v\373n;8YOK]\300\17\376>\6/\230\322"
 #"\264\305t\374+\301\200\337\312\311;"
 #"\255\241b\272\323\352\203\330\355\345 "
) 188
(
 #"]:v\263A\251\t\36\202\213\3633p\214\225k1\34z-\313\377\247K\244"
 #"\313\271P\253\2131\34[\364\352\302+"
 #"b\254\330tU\333\372\360\320W\322K9\v\3@\361\362\361-V\20O\205\327"
 #"\267/\263\337\312~\21o\r\217])\226}V\357\355<l\205\364\21\34\322V"
 #"\263r\347\224\272\260\243\2138n\252/"
 #"i\320q\256\\ZY\270\315\244\273^\273S\23\26`\\\20\317MhA\\\352"
 #"s\26\256e\350\241\212\16}\347\221\374"
 #"\250%\244\272`U\37\346\304\324\233\274"
 #"\217Z\34\276$\26r\307e]\371\247\360\307-\22\322\263\245\37"
 #"\331\245\231E$\362=\372\0\0\0\0IEND\256B`\202"
) 0 0 22 3 1 #")"
0 0 4 29 1 #"\n"
0 0 4 29 1 #"\n"
0 0 17 3 41 #";; a double long log image, 40x100 pixels"
0 0 4 29 1 #"\n"
0 0 22 3 1 #"("
0 0 15 3 6 #"define"
0 0 4 3 1 #" "
0 0 14 3 8 #"log2-img"
0 0 4 3 1 #" "
0 0 22 3 1 #"("
0 0 14 3 14 #"overlay/offset"
0 0 4 3 1 #" "
0 0 14 3 7 #"log-img"
0 0 4 3 1 #" "
0 0 4 29 1 #"\n"
0 0 4 3 35 #"                                   "
0 0 20 3 3 #"-40"
0 0 4 3 1 #" "
0 0 20 3 1 #"0"
0 0 4 29 1 #"\n"
0 0 4 3 35 #"                                   "
0 0 14 3 7 #"log-img"
0 0 22 3 2 #"))"
0 0 4 29 1 #"\n"
0 0 4 29 1 #"\n"
0 0 17 3 41 #";; a triple long log image, 40x140 pixels"
0 0 4 29 1 #"\n"
0 0 22 3 1 #"("
0 0 15 3 6 #"define"
0 0 4 3 1 #" "
0 0 14 3 8 #"log3-img"
0 0 4 3 1 #" "
0 0 22 3 1 #"("
0 0 14 3 14 #"overlay/offset"
0 0 4 3 1 #" "
0 0 14 3 8 #"log2-img"
0 0 4 3 1 #" "
0 0 4 29 1 #"\n"
0 0 4 3 35 #"                                   "
0 0 20 3 3 #"-60"
0 0 4 3 1 #" "
0 0 20 3 1 #"0"
0 0 4 29 1 #"\n"
0 0 4 3 35 #"                                   "
0 0 14 3 7 #"log-img"
0 0 22 3 2 #"))"
0 0 4 29 1 #"\n"
0 0 4 29 1 #"\n"
0 0 17 3 39 #";; a four long log image, 40x180 pixels"
0 0 4 29 1 #"\n"
0 0 22 3 1 #"("
0 0 15 3 6 #"define"
0 0 4 3 1 #" "
0 0 14 3 8 #"log4-img"
0 0 4 3 1 #" "
0 0 22 3 1 #"("
0 0 14 3 14 #"overlay/offset"
0 0 4 3 1 #" "
0 0 14 3 8 #"log2-img"
0 0 4 29 1 #"\n"
0 0 4 3 33 #"                                 "
0 0 20 3 3 #"-80"
0 0 4 3 1 #" "
0 0 20 3 1 #"0"
0 0 4 29 1 #"\n"
0 0 4 3 33 #"                                 "
0 0 14 3 8 #"log2-img"
0 0 22 3 2 #"))"
0 0 4 29 1 #"\n"
0 0 4 29 1 #"\n"
0 0 4 29 1 #"\n"
0 0 4 29 1 #"\n"
0 0 17 3 30 #";; a truck image, 40x60 pixels"
0 0 4 29 1 #"\n"
0 0 22 3 1 #"("
0 0 15 3 6 #"define"
0 0 4 3 1 #" "
0 0 14 3 9 #"truck-img"
0 0 4 3 1 #" "
0 2          13 4 1 #"\0"
2 -1.0 -1.0 0.0 0.0 0           1 321
(
 #"\211PNG\r\n\32\n\0\0\0\rIHDR\0\0\0<\0\0\0(\b"
 #"\6\0\0\0\242\273\231\377\0\0\0\6bKGD\0\377\0\377\0\377\240\275\247"
 #"\223\0\0\0\366IDATh\201\355\331\273\r\3020\20\6\340\337\26\ed\4"
 #"v \r}\232\254\2M\n\304\4\210\202\206\254BC\237\206\314@z\32z:"
 #"S \244 \bq\36~\344|_\31Y\326\375\261\335\334\1\214\221\":\256W"
 #"#\3577D\257Z\264\n\214\322L\1\300\375th[\247\263\335(\372\326\322\30"
 #"\370\35\222\232\217\300TC\326\t\300|"
 #"\320\307\355jr\373Nd\225\307\344O\265n\6\0eR`q^\376]\270\336"
 #"l\277\276\35\367;3U\31$]\27`\333\240\300\277N\335w\22@\353u\246"
 #"D\206\24\26\3407L\37\a\246\216\3"
 #"S\307\201\251\343\300\324q`\352\302\v"
 #"\\&\205\353\32\254\222\300\253\305\23\212"
 #"AW\232{Z\23 \252<V\246\273\36^\365\245\347\253\213\315\1\230sa\216"
 #"Z\232P\374\1\332\3279J3\345\323\270\24\35072\235\362@\34\360\257\36"
 #"\306l{\2\r\3169=T1a\f\0\0\0\0IEND\256B`\202"
) 0 0 22 3 1 #")"
0 0 4 29 1 #"\n"
0 0 4 29 1 #"\n"
0 0 4 29 1 #"\n"
0 0 17 3 28 #";; a car image, 40x40 pixels"
0 0 4 29 1 #"\n"
0 0 22 3 1 #"("
0 0 15 3 6 #"define"
0 0 4 3 1 #" "
0 0 14 3 7 #"car-img"
0 0 4 3 1 #" "
0 2          13 4 1 #"\0"
2 -1.0 -1.0 0.0 0.0 0           1 372
(
 #"\211PNG\r\n\32\n\0\0\0\rIHDR\0\0\0(\0\0\0(\b"
 #"\6\0\0\0\214\376\270m\0\0\0\6bKGD\0\377\0\377\0\377\240\275\247"
 #"\223\0\0\1)IDATX\205\355\230=\22\2020\20F\277d\274\205\265\275"
 #"\35\16\307\240\362\32\326\324\326\26\\\302"
 #"\312c8\224\364\f\245\347\210U\234\210"
 #"\371\331\20\206\254\f\257\202d\331\274a"
 #"\233\315\2\e+G\20bT\302\267\3119\234\1\327\307S\1@]\225\256}\212"
 #"\30(9\352\252tzX7\264\334\222\270$\177\26s\310il\222_\v9\345"
 #"4c\311\317\vE\356p<\5\17\350\2736\30\327w\255w\337\224\224T\271%"
 #"1}$79\215\366\22CS\250\373\376F\376\320W>\263t\256\270Py\307"
 #"\210\241)\24\0\270$\315\203b\223\273"
 #"\210\311)\247&\236Jl\216(\301\34H\300]^\16H\316r\300\277\224\2303"
 #"\233`*\233`*\374\5\317\257Kn\a/\22\08K\362/qn\201\20;"
 #"\200\336,\350\336\215\322\214\332b\372\256"
 #"%\335YLDl\313O\271\20Q\273n\n\322w\253\317M]\225B\352\207\334"
 #"2c\264\23\273\213;\360\375\303X\215>\0\317d\301$\227dp6c2\347"
 #"\370\215\222\207<\335\2620\307\0s\316<\e\353\342\r["
 #"){\0\366F\206\236\0\0\0\0IEND\256B`\202"
) 0 0 22 3 1 #")"
0 0 4 29 1 #"\n"
0 0 4 29 1 #"\n"
0 0 4 29 1 #"\n"
0 0 4 29 1 #"\n"
0 0 17 3 37 #";;A simple background, 400x600 pixels"
0 0 4 29 1 #"\n"
0 0 17 3 27 #";; Y-pos 0-80 pixels Ground"
0 0 4 29 1 #"\n"
0 0 17 3 28 #";; Y-pos 80-280 pixels River"
0 0 4 29 1 #"\n"
0 0 17 3 41 #";;       Equal to five 40 pixel tall rows"
0 0 4 29 1 #"\n"
0 0 17 3 30 #";; Y-pos 280-320 pixels Ground"
0 0 4 29 1 #"\n"
0 0 17 3 28 #";; Y-pos 320-520 pixels Road"
0 0 4 29 1 #"\n"
0 0 17 3 41 #";;       Equal to five 40 pixel tall rows"
0 0 4 29 1 #"\n"
0 0 17 3 30 #";; Y-pos 520-600 pixels Ground"
0 0 4 29 1 #"\n"
0 0 4 29 1 #"\n"
0 0 22 3 1 #"("
0 0 15 3 6 #"define"
0 0 4 3 1 #" "
0 0 14 3 14 #"background-img"
0 0 4 3 1 #" "
0 0 4 29 1 #"\n"
0 0 4 3 2 #"  "
0 2          21 4 1 #"\0"
2 -1.0 -1.0 0.0 0.0 0           5 500
(
 #"\211PNG\r\n\32\n\0\0\0\rIHDR\0\0\1\220\0\0\2X\b"
 #"\2\0\0\0\303\216'\337\0\0\0\6bKGD\0\377\0\377\0\377\240\275\247"
 #"\223\0\0\b3IDATx\234\355\326!\216*A\30FQ\352\245\227\201\36"
 #"[\36\307\6fk,\t\207\177\373A\214EA\31R\271\3119\266;_J\335"
 #"\374\343t;\237\0\n\376\355~\0\300*\301\0022\4\v\310\20, C\260\200"
 #"\f\301\0022\4\v\310\20, C\260\200\f\301\0022\4\v\310\20, C\260"
 #"\200\f\301\0022\4\v\310\20, C\260\200\f\301\0022\4\v\310\20, C"
 #"\260\200\f\301\0022\4\v\310\20, C\260\200\f\301\0022\4\v\310\20, "
 #"C\260\200\f\301\0022\4\v\310\20, C\260\200\f\301\0022\4\v\310\20,"
 #" C\260\200\f\301\0022\4\v\310\20, C\260\200\f\301\0022\4\v\310\20"
 #", C\260\200\f\301\0022\4\v\310\20, C\260\200\f\301\0022\4\v\310"
 #"\20, C\260\200\f\301\0022\4\v\310\20, C\260\200\f\301\0022\4\v"
 #"\310\20, C\260\200\f\301\0022\4\v\310\20, C\260\200\f\301\0022\4"
 #"\v\310\20, C\260\200\f\301\0022\4\v\310\20, C\260\200\f\301\0022"
 #"\4\v\310\20, C\260\200\f\301\0022\4\v\310\30?\277\377w\277\1`\211"
 #"\v\v\310\20, C\260\200\f\301\0022\4\v\310\20, C\260\200\f\301\2"
 #"2\4\v\310\20, C\260\200\f\301\0022\4\v\310\20, C\260\200\f\301"
 #"\0022\4\v\310\20, C\260\200\f\301\0022\4\v\310\20, C\260\200\f"
 #"\301\0022\4\v\310\20, C\260\200\f\301\0022\4\v\310\20, C\260\200"
 #"\f\301\0022\4\v\310\20, C\260\200\f\301\0022\4\v\310\20, C\260"
) 500
(
 #"\200\f\301\0022\4\v\310\20, C\260\200\f\301\0022\4\v\310\20, C"
 #"\260\200\f\301\0022\4\v\310\20, C\260\200\f\301\0022\4\v\310\20, "
 #"C\260\200\f\301\0022\4\v\310\20, C\260\200\f\301\0022\4\v\310\20,"
 #" C\260\200\f\301\0022\4\v\310\20, C\260\200\f\301\0022\4\v\310\20"
 #", C\260\200\f\301\0022\4\v\310\20, C\260\200\f\301\0022\4\v\310"
 #"\20, C\260\200\f\301\0022\4\v\310\20, C\260\200\f\301\0022\4\v"
 #"\310\20, C\260\200\f\301\0022\4\v\310\20, C\260\200\f\301\0022\4"
 #"\v\310\20, C\260\200\f\301\0022\4\v\310\20, C\260\200\f\301\0022"
 #"\4\v\310\20, C\260\200\f\301\0022\4\v\310\20, C\260\200\f\301\2"
 #"2\4\v\310\20, C\260\200\f\301\0022\4\v\310\20, C\260\200\f\301"
 #"\0022\4\v\310\20, C\260\200\f\301\0022\4\v\310\20, C\260\200\f"
 #"\301\0022\4\v\310\20, C\260\200\f\301\0022\4\v\310\20, C\260\200"
 #"\f\301\0022\4\v\310\20, C\260\200\f\301\0022\4\v\310\20, C\260"
 #"\200\f\301\0022\4\v\310\20, C\260\200\f\301\0022\4\v\310\20, C"
 #"\260\200\f\301\0022\4\v\310\20, C\260\200\f\301\0022\4\v\310\20, "
 #"C\260\200\f\301\0022\4\v\310\20, C\260\200\f\301\0022\4\v\310\20,"
 #" C\260\200\f\301\0022\4\v\310\20, C\260\200\f\301\0022\4\v\310\20"
 #", C\260\200\f\301\0022\4\v\310\20, C\260\200\f\301\0022\4\v\310"
 #"\20, C\260\200\f\301\0022\4\v\310\20, C\260\200\f\301\0022\4\v"
 #"\310\20, C\260\200\f\301\0022\4\v\310\20, C\260\200\f\301\0022\4"
) 500
(
 #"\v\310\20, C\260\200\f\301\0022\4\v\310\20, C\260\200\214q\272\235"
 #"w\277\1`\211\v\v\310\20, C\260\200\f\301\0022\4\v\310\20, C"
 #"\260\200\f\301\0022\4\v\310\20, C\260\200\f\301\0022\4\v\310\20, "
 #"C\260\200\f\301\0022\4\v\310\20, C\260\200\f\301\0022\4\v\310\20,"
 #" C\260\200\f\301\0022\4\v\310\20, C\260\200\f\301\0022\4\v\310\20"
 #", C\260\200\f\301\0022\4\v\310\20, C\260\200\f\301\0022\4\v\310"
 #"\20, C\260\200\2141\347\334\375\6\200%., C\260\200\f\301\0022\4"
 #"\v\310\20, C\260\200\f\301\0022\4\v\310\20, C\260\200\f\301\0022"
 #"\4\v\310\20, C\260\200\f\301\0022\4\v\310\20, C\260\200\f\301\2"
 #"2\4\v\310\20, C\260\200\f\301\0022\4\v\310\20, C\260\200\f\301"
 #"\0022\4\v\310\20, C\260\200\f\301\0022\4\v\310\20, C\260\200\f"
 #"\301\0022\4\v\310\20, \343x\377"
 #"\371\376\370\360\303\253\353\345i\312\224)"
 #"S\337\233ra\1\31\202\5d\b\26\220!X@\306\230s\356~\3\300\22\27"
 #"\26\220!X@\206`\1\31\202\5d\b\26\220!X@\206`\1\31\202\5d"
 #"\b\26\220!X@\206`\1\31\202\5d\b\26\220!X@\206`\1\31\202\5"
 #"d\b\26\220!X@\206`\1\31\202\5d\b\26\220!X@\206`\1\31\202"
 #"\5d\b\26\220!X@\206`\1\31\202\5d\b\26\220!X@\206`\1\31"
 #"\202\5d\b\26\220!X@\306\361\376"
 #"\363\375\361\341\207W\327\313\323\224)S"
 #"\246\2767\345\302\0022\4\v\310\20,"
 #" C\260\200\2141\347\334\375\6\200%., C\260\200\f\301"
 #"\0022\4\v\310\20, C\260\200\f\301\0022\4\v\310\20,"
) 500
(
 #" C\260\200\f\301\0022\4\v\310\20, C\260\200\f\301\0022\4\v\310\20"
 #", C\260\200\f\301\0022\4\v\310\20, C\260\200\f\301\0022\4\v\310"
 #"\20, C\260\200\f\301\0022\4\v\310\20, C\260\200\f\301\0022\4\v"
 #"\310\20, C\260\200\214\343\375\347\373"
 #"\343\303\17\257\256\227\247)S\246L}o\312\205\5d\b\26\220!X@\206`"
 #"\1\31c\316\271\373\r\0K\\X@\206`\1\31\202\5d\b\26\220!X@"
 #"\206`\1\31\202\5d\b\26\220!X@\206`\1\31\202\5d\b\26\220!X"
 #"@\206`\1\31\202\5d\b\26\220!X@\206`\1\31\202\5d\b\26\220!"
 #"X@\206`\1\31\202\5d\b\26\220!X@\206`\1\31\202\5d\b\26\220"
 #"!X@\206`\1\31\202\5d\b\26\220!X@\206`\1\31\307\373\317\367\307"
 #"\207\37^]/OS\246L\231\372\336\224\v\v\310\20, C\260\200\f\301\2"
 #"2\306\234s\367\e\0\226\270\260\200\f"
 #"\301\0022\4\v\310\20, C\260\200\f\301\0022\4\v\310\20, C\260\200"
 #"\f\301\0022\4\v\310\20, C\260\200\f\301\0022\4\v\310\20, C\260"
 #"\200\f\301\0022\4\v\310\20, C\260\200\f\301\0022\4\v\310\20, C"
 #"\260\200\f\301\0022\4\v\310\20, C\260\200\f\301\0022\4\v\310\20, "
 #"C\260\200\f\301\0022\4\v\310\20, c\234n\347\335o\0X\342\302\0022"
 #"\4\v\310\20, C\260\200\f\301\0022\4\v\310\20, C\260\200\f\301\2"
 #"2\4\v\310\20, C\260\200\f\301\0022\4\v\310\20, C\260\200\f\301"
 #"\0022\4\v\310\20, C\260\200\f\301\0022\4\v\310\20, C\260\200\f"
 #"\301\0022\4\v\310\20, C\260\200\f\301\0022\4\v\310\20, C\260\200\f"
) 174
(
 #"\301\0022\4\v\310\20, C\260\200\f\301\0022\4\v\310\20, C\260\200"
 #"\f\301\0022\4\v\310\20, C\260\200\f\301\0022\4\v\310\20, C\260"
 #"\200\f\301\0022\4\v\310\20, C\260\200\f\301\0022\4\v\310\20, C"
 #"\260\200\f\301\0022\4\v\310\20, C\260\200\f\301\0022\4\v\310\20, "
 #"C\260\200\f\301\0022\4\v\310\20, C\260\200\f\301\0022\4\v\310\20,"
 #" C\260\200\f\301\0022\4\v\310\20, C\260\200\f\301\0022\4\v\310"
 #"\20, \343\0170\r\304\333\n\307\215r\0\0\0\0IEND\256B`\202"
) 0 0 22 3 1 #")"
0           0
